image_width: 1280
image_height: 720
camera_name: camera
camera_matrix:
  rows: 3
  cols: 3
  data: [859.153540, 0.000000, 667.225856, 0.000000, 859.345391, 391.156369, 0.000000, 0.000000, 1.000000]
distortion_model: plumb_bob
distortion_coefficients:
  rows: 1
  cols: 5
  data: [0.116500, -0.259112, 0.001085, -0.000031, 0.000000]
rectification_matrix:
  rows: 3
  cols: 3
  data: [1.000000, 0.000000, 0.000000, 0.000000, 1.000000, 0.000000, 0.000000, 0.000000, 1.000000]
projection_matrix:
  rows: 3
  cols: 4
  data: [839.677734, 0.000000, 674.290176, 0.000000, 0.000000, 869.179810, 391.109974, 0.000000, 0.000000, 0.000000, 1.000000, 0.000000]